procs -----------memory---------- ---swap-- -----io---- -system-- ------cpu-----
 r  b   swpd   free   buff  cache   si   so    bi    bo   in   cs us sy id wa st
 8  0      0 6334648 141708 7184492    0    0     1    11    0    0  1  0 99  0  0
 3  0      0 5890444 141708 7220440    0    0  5140   221 6627 30065 30  6 64  1  0
 3  2      0 5338872 141708 7249076    0    0  5258   136 6696 11585 45  5 49  0  0
 3  0      0 5062816 141764 7259424    0    0  1779    82 5058 9193 33  3 63  0  0
 4  0      0 4844496 141828 7271848    0    0   318  1879 5633 9459 39  3 56  1  0
 6  0      0 4744388 141828 7283132    0    0     0  1128 4621 7523 55  1 43  0  0
 6  0      0 4700084 141868 7295156    0    0     0  1130 4349 7169 50  1 49  0  0
 4  0      0 4676768 141888 7307124    0    0     0  1126 3995 6354 53  1 46  0  0
 4  0      0 4661996 141908 7307620    0    0     0  1129 4139 6939 48  1 51  0  0
 4  0      0 4658360 141920 7318812    0    0     0  1126 3826 5914 50  1 49  0  0
 4  0      0 4652280 141928 7309200    0    0     0  2374 4180 6926 47  1 51  0  0
 4  0      0 4634004 141928 7320640    0    0     0  2270 3630 5759 49  1 50  0  0
 2  0      0 4626884 141932 7321560    0    0     0   270 4051 6254 49  1 50  0  0
 1  0      0 4613572 141932 7332536    0    0     0  2206 3495 5603 50  1 49  0  0
 4  0      0 4598012 141932 7344632    0    0     0  2502 3960 6231 50  1 49  0  0
 5  0      0 4592548 141952 7344884    0    0     0  2280 3997 6649 44  1 54  0  0
 7  2      0 4581240 141952 7346848    0    0     0  9102 5144 8290 51  2 40  7  0
 4  0      0 4572140 141952 7357960    0    0     0  2669 3836 5941 43  1 41 14  0
 4  0      0 4561160 141956 7370036    0    0     0  1134 3970 6095 50  1 49  0  0
 4  0      0 4542744 141956 7381672    0    0     0  1120 3713 6093 46  1 53  0  0
 4  0      0 4531540 141956 7393072    0    0     0  1126 3784 5969 50  1 49  0  0
procs -----------memory---------- ---swap-- -----io---- -system-- ------cpu-----
 r  b   swpd   free   buff  cache   si   so    bi    bo   in   cs us sy id wa st
 5  0      0 4536808 141956 7383652    0    0     0  1127 4049 6446 47  1 52  0  0
 8  0      0 4525424 141956 7395512    0    0     0  1127 4279 6525 50  1 49  0  0
 4  0      0 4514708 141956 7407972    0    0     0  2422 3846 6389 46  1 53  0  0
 4  0      0 4506428 141956 7408104    0    0     0  2327 4179 6759 50  1 48  1  0
 4  0      0 4489080 141956 7420332    0    0     0  2423 4115 7033 44  1 55  0  0
 4  0      0 4476628 141956 7431336    0    0     0  2282 3798 5757 49  1 50  0  0
 4  0      0 4484060 141956 7422232    0    0     0  2461 3772 6069 47  1 51  1  0
 4  2      0 4470688 141956 7433672    0    0     0 10218 4874 7711 42  2 46 11  0
 1  0      0 4471376 141956 7435124    0    0     0   147 3722 5969 46  1 52  1  0
 4  0      0 4454688 141956 7440956    0    0     0  1127 3486 5675 50  1 50  0  0
 1  0      0 4461612 141956 7447660    0    0     0  1138 4287 6534 50  1 49  0  0
 3  0      0 4451420 141956 7459092    0    0     0  1126 3394 5472 48  1 52  0  0
 2  0      0 4442352 141956 7471860    0    0     0  1139 4175 6541 49  1 49  0  0
 4  0      0 4446388 142240 7460908    0    0    57  1132 3831 6182 46  1 53  0  0
 4  0      0 4432816 142240 7473328    0    0     0  1368 4230 6446 50  1 49  0  0
 5  0      0 4431684 142240 7473688    0    0     0  2431 4421 6957 44  1 54  0  0
 4  0      0 4416372 142240 7474744    0    0     0  2325 4366 6574 50  1 49  0  0
 5  0      0 4413548 142244 7486808    0    0     0  2426 3658 5811 49  1 50  0  0
 4  0      0 4403152 142248 7498796    0    0     0  2318 4109 6192 50  1 48  0  0
 5  0      0 4386660 142248 7510952    0    0     0 10499 5093 8058 48  2 46  4  0
 4  0      0 4376348 142248 7522712    0    0     0  1136 3786 5989 49  1 50  0  0
procs -----------memory---------- ---swap-- -----io---- -system-- ------cpu-----
 r  b   swpd   free   buff  cache   si   so    bi    bo   in   cs us sy id wa st
 4  0      0 4385852 142248 7512400    0    0     0  1125 4230 6660 47  1 52  0  0
 5  0      0 4372148 142256 7524612    0    0     0  1133 4007 6094 51  1 48  0  0
 4  0      0 4367848 142256 7525420    0    0     0  1120 4139 6443 47  1 52  0  0
 4  0      0 4355128 142256 7537056    0    0     0  1123 4148 6318 50  1 49  0  0
 4  0      0 4343160 142256 7549204    0    0     0  1117 4164 6780 44  1 55  0  0
 6  0      0 4330988 142256 7561120    0    0     0  1271 3874 5878 50  1 49  0  0
 4  0      0 4340568 142260 7551052    0    0     0  2510 4371 6791 48  1 51  0  0
 5  0      0 4332084 142260 7562796    0    0     0  2243 4195 6324 50  1 49  0  0
 4  0      0 4328012 142260 7563924    0    0     0  2492 4127 6465 46  1 53  0  0
 4  0      0 4314748 142260 7575808    0    0     0  2227 3843 5867 49  1 50  0  0
 4  2      0 4298956 142260 7587876    0    0     0 11204 5196 8328 48  2 48  2  0
 4  0      0 4290364 142260 7599192    0    0     0  1579 3941 5891 49  1 48  2  0
 4  0      0 4279060 142260 7612068    0    0     0  1118 4074 6434 47  1 53  0  0
 4  0      0 4295744 142260 7589716    0    0     0  1132 4001 6280 51  1 48  0  0
 0  0      0 6096648 142260 7263132    0    0    11   179 4276 7031 32  2 66  0  0
 0  0      0 6096980 142260 7262928    0    0     0    14 2737 5303  0  0 99  0  0
 1  0      0 6099580 142260 7262852    0    0     0    15 2719 5364  1  0 99  0  0
 0  0      0 6099596 142260 7262852    0    0     0   224 2619 5149  0  0 99  0  0
 0  0      0 6099376 142260 7262872    0    0     0    16 2748 5376  0  0 99  0  0
 1  0      0 6099376 142260 7262860    0    0     0    80 2626 5210  1  0 99  0  0
 0  0      0 6099636 142260 7262864    0    0     0    42 2753 5343  1  0 99  0  0
procs -----------memory---------- ---swap-- -----io---- -system-- ------cpu-----
 r  b   swpd   free   buff  cache   si   so    bi    bo   in   cs us sy id wa st
 0  0      0 6099636 142260 7262872    0    0     0    34 2669 5251  1  0 99  0  0
 0  0      0 6098632 142260 7262936    0    0     0   563 3924 7084  1  1 96  2  0
 0  0      0 6100760 142260 7262892    0    0     0    22 2679 5305  1  0 99  0  0
 0  0      0 6100760 142260 7262908    0    0     0    17 2727 5373  1  0 99  0  0
 0  0      0 6101296 142260 7262904    0    0     0    18 2669 5310  1  0 99  0  0
 0  0      0 6101012 142260 7262932    0    0     0    14 2622 5275  0  0 99  0  0
 0  0      0 6101012 142260 7262900    0    0     0    16 2524 5170  1  0 99  0  0
 1  0      0 6101012 142260 7262964    0    0     0    15 2623 5232  0  0 99  0  0
 0  0      0 6101516 142260 7262928    0    0     0    77 2647 5212  1  0 99  0  0
 0  0      0 6100720 142260 7262952    0    0     0    74 2781 5381  1  0 99  0  0
 0  0      0 6100728 142260 7262964    0    0     0    68 2532 5115  1  0 99  0  0
 0  0      0 6100972 142260 7262944    0    0     0    16 2524 5144  0  0 99  0  0
 0  0      0 6100516 142260 7262920    0    0     0    32 2711 5356  0  0 99  0  0
 0  1      0 6099816 142260 7262964    0    0     0   309 3892 7184  1  1 97  1  0
 0  0      0 6100180 142260 7263044    0    0     0   286 2700 5221  1  0 97  2  0
 0  0      0 6100432 142260 7262984    0    0     0    14 2590 5297  0  0 99  0  0
 0  0      0 6101008 142260 7262968    0    0     0    70 2603 5197  1  0 99  0  0
 0  0      0 6101008 142260 7262964    0    0     0    55 2640 5223  0  0 99  0  0
 0  0      0 6101008 142260 7262968    0    0     0    76 2658 5265  0  0 99  0  0
 0  0      0 6101292 142260 7263004    0    0     0    17 2616 5247  0  0 99  0  0
 0  0      0 6101292 142260 7263000    0    0     0    98 2577 5161  1  0 99  0  0
procs -----------memory---------- ---swap-- -----io---- -system-- ------cpu-----
 r  b   swpd   free   buff  cache   si   so    bi    bo   in   cs us sy id wa st
 0  0      0 6101008 142260 7262984    0    0     0    22 2593 5213  0  0 99  0  0
 0  0      0 6101008 142260 7262992    0    0     0   108 2641 5328  1  0 99  0  0
 0  0      0 6101260 142260 7262988    0    0     0    12 2640 5323  1  0 99  0  0
 0  0      0 6101260 142260 7262992    0    0     0    34 2663 5297  0  0 99  0  0
 4  0      0 6076588 142260 7263032    0    0     0    94 3129 6026  1  1 98  0  0
 0  0      0 6102028 142260 7263044    0    0     0   458 3418 6328  1  1 97  2  0
 1  0      0 6101824 142260 7263036    0    0     0    14 2493 5092  1  0 99  0  0
 0  0      0 6101824 142260 7263036    0    0     0    19 2621 5245  0  0 99  0  0
 0  0      0 6102060 142260 7263056    0    0     0    14 2584 5197  1  0 99  0  0
 0  0      0 6102328 142260 7263036    0    0     0    17 2603 5205  0  0 99  0  0
 0  0      0 6101744 142260 7263052    0    0     0    14 2593 5228  0  0 99  0  0
 0  0      0 6101696 142260 7263168    0    0     0    78 2694 5352  1  0 99  0  0
 0  0      0 6101696 142260 7263172    0    0     0    26 2511 5091  0  0 99  0  0
 3  0      0 6101728 142260 7263184    0    0     0    98 2737 5305  1  0 99  0  0
 0  0      0 6101484 142260 7263188    0    0     0    16 2501 5058  0  0 99  0  0
 0  0      0 6101452 142260 7263188    0    0     0    32 2513 5090  0  0 99  0  0
 0  0      0 6101420 142260 7263192    0    0     0    17 2658 5289  1  0 99  0  0
 0  0      0 6101048 142260 7263260    0    0     0   518 4106 7536  1  1 96  1  0
 0  0      0 6100804 142260 7263252    0    0     0    14 2766 5366  1  0 99  0  0
 3  0      0 6100836 142260 7263256    0    0     0    17 2705 5357  1  0 99  0  0
 1  0      0 6100836 142260 7263256    0    0     0    79 2686 5273  1  0 99  0  0
procs -----------memory---------- ---swap-- -----io---- -system-- ------cpu-----
 r  b   swpd   free   buff  cache   si   so    bi    bo   in   cs us sy id wa st
 0  0      0 6100576 142260 7263268    0    0     0    88 2733 5379  0  0 99  0  0
 0  0      0 6100332 142260 7263268    0    0     0    16 2604 5198  0  0 99  0  0
 0  0      0 6100300 142260 7263272    0    0     0    16 2426 5027  0  0 99  0  0
 0  0      0 6100332 142260 7263272    0    0     0    14 2505 5098  0  0 99  0  0
 0  0      0 6100332 142260 7263284    0    0     0    27 2632 5255  1  0 99  0  0
 0  0      0 6100332 142260 7263296    0    0     0    12 2528 5137  0  0 99  0  0
 0  0      0 6100332 142260 7263296    0    0     0    60 2758 5400  1  0 99  0  0
 0  0      0 6100332 142260 7263296    0    0     0    41 2652 5244  0  0 99  0  0
 0  0      0 6099640 142260 7263644    0    0     0   564 4065 7250  1  1 95  2  0
 0  0      0 6099608 142260 7263524    0    0     0    15 2658 5277  0  0 99  0  0
 0  0      0 6099608 142260 7263528    0    0     0    17 2540 5216  1  0 99  0  0
 0  0      0 6099640 142260 7263544    0    0     0    14 2519 5103  0  0 99  0  0
 0  0      0 6099624 142260 7263660    0    0     0    17 2675 5361  0  0 99  0  0
 0  0      0 6099624 142260 7263560    0    0     0    14 2520 5098  1  0 99  0  0
 0  0      0 6099640 142260 7263528    0    0     0    76 2658 5213  1  0 99  0  0
 0  0      0 6099892 142260 7263564    0    0     0    22 2712 5312  0  0 99  0  0
 0  0      0 6099640 142260 7263568    0    0     0    28 2610 5426  1  0 99  0  0
 5  0      0 6099640 142260 7263552    0    0     0    14 2653 5231  0  0 99  0  0
 0  0      0 6099892 142260 7263552    0    0     0   122 2624 5159  0  0 99  0  0
 0  0      0 6099892 142260 7263564    0    0     0    16 2530 5128  1  0 99  0  0
 0  0      0 6098928 142260 7263800    0    0     0   532 3988 7135  1  1 96  2  0
procs -----------memory---------- ---swap-- -----io---- -system-- ------cpu-----
 r  b   swpd   free   buff  cache   si   so    bi    bo   in   cs us sy id wa st
 0  0      0 6100472 142260 7263772    0    0     0    16 2614 5201  1  0 98  0  0
 0  0      0 6100472 142260 7263704    0    0     0    18 2666 5248  0  0 99  0  0
 0  0      0 6100252 142260 7263736    0    0     0    15 2502 5185  0  0 99  0  0
 0  0      0 6100252 142260 7263708    0    0     0    17 2539 5109  0  0 99  0  0
 0  0      0 6100488 142260 7263772    0    0     0    14 2577 5224  0  0 99  0  0
 0  0      0 6100552 142260 7263740    0    0     0    73 2578 5191  0  0 99  0  0
 2  0      0 6100300 142260 7263716    0    0     0    27 2605 5272  0  0 99  0  0
 0  0      0 6100284 142260 7263728    0    0     0    18 2481 5101  1  0 99  0  0
 0  0      0 6100268 142260 7263724    0    0     0    17 2605 5291  0  0 99  0  0
 0  0      0 6099756 142260 7263724    0    0     0    38 2619 5181  0  0 99  0  0
 0  0      0 6100048 142260 7263720    0    0     0    53 2526 5170  0  0 99  0  0
 0  0      0 6097796 142260 7264024    0    0     0   604 4025 7169  1  1 95  2  0
 0  0      0 6099088 142260 7264012    0    0     0    14 2508 5128  0  0 99  0  0
 0  0      0 6099056 142260 7264024    0    0     0    18 2623 5220  0  0 99  0  0
 0  0      0 6099056 142260 7264028    0    0     0    81 2778 5379  1  0 99  0  0
 0  0      0 6098804 142260 7264028    0    0     0    16 2711 5352  1  0 99  0  0
 0  0      0 6099040 142260 7264048    0    0     0    15 2570 5240  1  0 99  0  0
 0  0      0 6099072 142260 7264052    0    0     0    38 2618 5211  1  0 99  0  0
 0  0      0 6099088 142260 7264040    0    0     0    14 2608 5201  1  0 99  0  0
 0  0      0 6099088 142260 7264040    0    0     0    15 2450 5054  1  0 99  0  0
 0  0      0 6098844 142260 7264052    0    0     0    46 2535 5164  0  0 99  0  0
procs -----------memory---------- ---swap-- -----io---- -system-- ------cpu-----
 r  b   swpd   free   buff  cache   si   so    bi    bo   in   cs us sy id wa st
 0  0      0 6098844 142260 7264056    0    0     0    66 2566 5130  0  0 99  0  0
 0  0      0 6098844 142260 7264052    0    0     0    15 2599 5232  1  0 99  0  0
 1  0      0 6095928 142260 7264332    0    0     0   535 3930 7183  1  1 96  2  0
 0  0      0 6098032 142260 7264228    0    0     0    14 2738 5320  0  0 99  0  0
 0  0      0 6098032 142260 7264232    0    0     0    18 2645 5223  0  0 99  0  0
 0  0      0 6098048 142260 7264216    0    0     0    79 2606 5159  0  0 99  0  0
 0  0      0 6098048 142260 7264220    0    0     0    85 2721 5294  0  0 99  0  0
 0  0      0 6098000 142260 7264300    0    0     0    16 2645 5268  0  0 99  0  0
 0  0      0 6097684 142260 7264248    0    0     0    17 2680 5343  0  0 99  0  0
 0  0      0 6097952 142260 7264232    0    0     0    14 2591 5207  0  0 99  0  0
 0  0      0 6097952 142260 7264236    0    0     0    16 2547 5157  1  0 99  0  0
 0  0      0 6097960 142260 7264240    0    0     0    14 2675 5288  0  0 99  0  0
 0  0      0 6097960 142260 7264236    0    0     0   112 2727 5322  1  0 99  0  0
 0  0      0 6098464 142260 7264260    0    0     0    18 2466 5077  1  0 99  0  0
 0  0      0 6097236 142260 7264300    0    0     0   526 3763 6922  1  1 96  2  0
 0  0      0 6099024 142260 7264284    0    0     0    14 2850 5571  0  0 99  0  0
 0  0      0 6099032 142260 7264284    0    0     0    16 2783 5491  1  0 99  0  0
 1  0      0 6099284 142260 7264292    0    0     0    89 2671 5367  0  0 99  0  0
 0  0      0 6098780 142260 7264304    0    0     0    71 2807 5454  1  0 99  0  0
 0  0      0 6098544 142260 7264244    0    0     0    16 2645 5411  1  0 99  0  0
 0  0      0 6098528 142260 7264332    0    0     0    76 2635 5282  1  0 99  0  0
procs -----------memory---------- ---swap-- -----io---- -system-- ------cpu-----
 r  b   swpd   free   buff  cache   si   so    bi    bo   in   cs us sy id wa st
 0  0      0 6098308 142260 7264332    0    0     0    18 2788 5485  0  0 99  0  0
 0  0      0 6098308 142260 7264464    0    0     0    87 2843 5537  1  0 99  0  0
 0  0      0 6098324 142260 7264456    0    0     0    13 2760 5402  0  0 99  0  0
 0  0      0 6098324 142260 7264456    0    0     0    66 2768 5468  0  0 99  0  0
 0  0      0 6098260 142260 7264460    0    0     0    48 2720 5387  0  0 99  0  0
 0  0      0 6095984 142260 7264564    0    0     0   522 4108 7359  1  1 96  2  0
 0  0      0 6097040 142260 7264536    0    0     0    14 2785 5469  0  0 99  0  0
 0  0      0 6097040 142260 7264540    0    0     0    17 2768 5460  0  0 99  0  0
 1  0      0 6097040 142260 7264500    0    0     0    85 2666 5482  0  0 99  0  0
 0  0      0 6097324 142260 7264504    0    0     0    66 2828 5506  0  0 99  0  0
 0  0      0 6097308 142260 7264516    0    0     0    41 2585 5346  0  0 99  0  0
 0  0      0 6097592 142260 7264504    0    0     0    20 2740 5699  1  0 99  0  0
 0  0      0 6097624 142260 7264508    0    0     0    15 2541 5219  0  0 99  0  0
 0  0      0 6097656 142260 7264512    0    0     0    17 2757 5447  0  0 99  0  0
 2  0      0 6097656 142260 7264532    0    0     0    15 2790 5485  0  0 99  0  0
 0  0      0 6097624 142260 7264512    0    0     0    34 2667 5373  0  0 99  0  0
 0  0      0 6097656 142260 7264524    0    0     0    88 2595 5283  0  0 99  0  0
 2  0      0 6095516 142260 7264624    0    0     0   528 4150 7458  1  1 96  1  0
 0  0      0 6097824 142260 7264624    0    0     0    18 2737 5431  0  0 99  0  0
 0  0      0 6097824 142260 7264636    0    0     0    18 2634 5292  1  0 99  0  0
 0  0      0 6097856 142260 7264640    0    0     0    97 2675 5346  0  0 99  0  0
procs -----------memory---------- ---swap-- -----io---- -system-- ------cpu-----
 r  b   swpd   free   buff  cache   si   so    bi    bo   in   cs us sy id wa st
 0  0      0 6097636 142260 7264652    0    0     0    74 2687 5361  1  0 99  0  0
 0  0      0 6097288 142260 7264744    0    0     0    44 2617 5343  0  0 99  0  0
 0  0      0 6097336 142260 7264668    0    0     0    73 2697 5469  0  0 99  0  0
 0  0      0 6097336 142260 7264668    0    0     0    22 2813 5506  0  0 99  0  0
 0  0      0 6097352 142260 7264672    0    0     0    93 2822 5491  1  0 99  0  0
 0  0      0 6097360 142260 7264672    0    0     0    20 2827 5537  0  0 99  0  0
 0  0      0 6097360 142260 7264680    0    0     0    32 2615 5296  0  0 99  0  0
 0  0      0 6096856 142260 7264680    0    0     0    16 2689 5378  1  0 99  0  0
 0  0      0 6095408 142260 7264724    0    0     0   577 4127 7294  1  1 95  2  0
 0  0      0 6097220 142260 7264684    0    0     0    21 2583 5189  0  0 99  0  0
 0  0      0 6097472 142260 7264668    0    0     0    18 2561 5126  1  0 99  0  0
 0  0      0 6097472 142260 7264672    0    0     0    16 2407 4996  0  0 99  0  0
 0  0      0 6097472 142260 7264680    0    0     0    18 2628 5199  1  0 99  0  0
 2  0      0 6097472 142260 7264676    0    0     0    14 2569 5148  0  0 99  0  0
 0  0      0 6097724 142260 7264680    0    0     0    62 2655 5225  0  0 99  0  0
 0  0      0 6097756 142260 7264692    0    0     0    26 2642 5294  0  0 99  0  0
 0  0      0 6097724 142260 7264688    0    0     0    31 2602 5208  0  0 99  0  0
 0  0      0 6097732 142260 7264708    0    0     0    95 2574 5148  0  0 99  0  0
 1  0      0 6097732 142260 7264700    0    0     0    34 2633 5237  0  0 99  0  0
 0  0      0 6097984 142260 7264700    0    0     0    15 2612 5257  0  0 99  0  0
 0  0      0 6096284 142260 7264796    0    0     0   566 4018 7193  1  1 96  2  0
procs -----------memory---------- ---swap-- -----io---- -system-- ------cpu-----
 r  b   swpd   free   buff  cache   si   so    bi    bo   in   cs us sy id wa st
 0  0      0 6098040 142260 7264768    0    0     0    21 2660 5289  0  0 99  0  0
 2  0      0 6097852 142260 7264776    0    0     0    62 2547 5147  0  0 99  0  0
 0  0      0 6098396 142260 7264812    0    0     0    25 2582 5209  1  0 99  0  0
 0  0      0 6098152 142260 7264808    0    0     0    15 2686 5304  0  0 99  0  0
 0  0      0 6098144 142260 7264768    0    0     0    92 2624 5183  0  0 99  0  0
 0  0      0 6098080 142260 7264772    0    0     0    16 2763 5422  0  0 99  0  0
 0  0      0 6098112 142260 7264776    0    0     0    17 2605 5185  1  0 99  0  0
 0  0      0 6098364 142260 7264772    0    0     0    14 2619 5213  0  0 99  0  0
 0  0      0 6098112 142260 7264784    0    0     0    86 2633 5233  0  0 99  0  0
 0  0      0 6097860 142260 7264788    0    0     0    32 2772 5367  1  0 99  0  0
 0  0      0 6097796 142260 7264784    0    0     0    17 2626 5284  0  0 99  0  0
 0  2      0 6095856 142260 7264708    0    0     0   457 3983 7328  1  1 97  1  0
 0  0      0 6097488 142260 7264796    0    0     0    91 2747 5349  1  0 99  0  0
 0  0      0 6097236 142260 7264772    0    0     0    17 2809 5566  1  0 99  0  0
 0  0      0 6097244 142260 7264776    0    0     0    71 2630 5210  1  0 99  0  0
 0  0      0 6097244 142260 7264796    0    0     0    15 2711 5352  1  0 99  0  0
 0  0      0 6097244 142260 7264792    0    0     0    87 2685 5300  0  0 99  0  0
 1  0      0 6097244 142260 7264808    0    0     0    14 2532 5102  0  0 99  0  0
 3  0      0 6096992 142260 7264792    0    0     0    16 2676 5250  0  0 99  0  0
 0  0      0 6096992 142260 7264804    0    0     0    14 2549 5201  1  0 99  0  0
 0  0      0 6097244 142260 7264804    0    0     0    17 2716 5290  1  0 99  0  0
procs -----------memory---------- ---swap-- -----io---- -system-- ------cpu-----
 r  b   swpd   free   buff  cache   si   so    bi    bo   in   cs us sy id wa st
 0  0      0 6097056 142260 7264808    0    0     0    33 2634 5227  1  0 99  0  0
 0  0      0 6097308 142260 7264808    0    0     0    38 2560 5176  0  0 99  0  0
 0  0      0 6095696 142260 7264968    0    0     0   165 3796 7033  1  1 98  0  0
 0  0      0 6100028 142260 7265012    0    0     0   407 3057 5744  1  0 97  2  0
 0  0      0 6100028 142260 7265012    0    0     0    15 2544 5196  1  0 99  0  0
 0  0      0 6100028 142260 7265028    0    0     0    84 2652 5402  0  0 99  0  0
 0  0      0 6099996 142260 7265028    0    0     0    14 2490 5207  1  0 99  0  0
 0  0      0 6099996 142260 7265036    0    0     0    17 2523 5120  0  0 99  0  0
 0  0      0 6105240 142260 7265044    0    0     0    14 2669 5539  0  0 99  0  0
 0  0      0 6104720 142260 7265080    0    0     0    15 2655 5253  0  0 99  0  0
 0  0      0 6104972 142260 7265064    0    0     0    88 2614 5188  0  0 99  0  0
 0  0      0 6104996 142260 7265044    0    0     0    18 2671 5234  0  0 99  0  0
 0  0      0 6104744 142260 7265044    0    0     0    32 2732 5388  0  0 99  0  0
 0  0      0 6104524 142260 7265048    0    0     0    15 2666 5307  1  0 99  0  0
 1  0      0 6103192 142260 7265060    0    0     0   107 2849 5461  1  0 99  0  0
 1  0      0 6103588 142260 7265080    0    0     0   482 3883 6896  1  1 97  1  0
 0  0      0 6103556 142260 7265072    0    0     0    17 2680 5241  1  0 99  0  0
 0  0      0 6103588 142260 7265076    0    0     0    72 2757 5304  0  0 99  0  0
 0  0      0 6103588 142260 7265080    0    0     0    14 2588 5144  0  0 99  0  0
 0  0      0 6103840 142260 7265076    0    0     0    85 2575 5126  0  0 99  0  0
 0  0      0 6103840 142260 7265100    0    0     0    16 2572 5176  1  0 99  0  0
procs -----------memory---------- ---swap-- -----io---- -system-- ------cpu-----
 r  b   swpd   free   buff  cache   si   so    bi    bo   in   cs us sy id wa st
 0  0      0 6104092 142260 7265092    0    0     0    81 2541 5214  0  0 99  0  0
 0  0      0 6103808 142260 7265092    0    0     0    15 2679 5404  0  0 99  0  0
 0  0      0 6103808 142260 7265092    0    0     0    72 2581 5262  0  0 99  0  0
 0  0      0 6103588 142260 7265100    0    0     0    34 2596 5266  0  0 99  0  0
 0  0      0 6103580 142260 7265100    0    0     0    14 2651 5278  0  0 99  0  0
 0  0      0 6103604 142260 7265160    0    0     0    28 2695 5344  0  0 99  0  0
 0  0      0 6103856 142260 7265148    0    0     0   568 4133 7423  1  1 96  2  0
 0  0      0 6103872 142260 7265140    0    0     0    14 2499 5265  0  0 99  0  0
 0  0      0 6104376 142260 7265136    0    0     0    68 2638 5482  0  0 99  0  0
 0  0      0 6103840 142260 7265136    0    0     0    53 2718 5427  1  0 99  0  0
 0  0      0 6104092 142260 7265164    0    0     0    65 2624 5241  0  0 99  0  0
 0  0      0 6104092 142260 7265156    0    0     0    45 2703 5287  0  0 99  0  0
 0  0      0 6104092 142260 7265156    0    0     0    70 2751 5367  1  0 99  0  0
 0  0      0 6104092 142260 7265164    0    0     0    28 2635 5263  1  0 99  0  0
 0  0      0 6104092 142260 7265172    0    0     0    79 2741 5342  0  0 99  0  0
 1  0      0 6104092 142260 7265168    0    0     0    35 2532 5131  1  0 99  0  0
 0  0      0 6103840 142260 7265224    0    0     0    15 2625 5228  1  0 99  0  0
 0  0      0 6103888 142260 7265184    0    0     0    54 2423 4985  0  0 99  0  0
 1  0      0 6104140 142260 7265192    0    0     0   538 4048 7280  1  1 96  2  0
 0  0      0 6104076 142260 7265224    0    0     0    14 2343 5018  0  0 99  0  0
 1  0      0 6104076 142260 7265212    0    0     0    72 2663 5259  0  0 99  0  0
procs -----------memory---------- ---swap-- -----io---- -system-- ------cpu-----
 r  b   swpd   free   buff  cache   si   so    bi    bo   in   cs us sy id wa st
 0  0      0 6104328 142260 7265212    0    0     0    54 2516 5139  1  0 99  0  0
 0  0      0 6103824 142260 7265212    0    0     0    16 2678 5328  1  0 99  0  0
 0  0      0 6103760 142260 7265216    0    0     0    17 2805 5557  0  0 99  0  0
 0  0      0 6103508 142260 7265220    0    0     0    18 2708 5689  0  0 99  0  0
 0  0      0 6101460 142260 7265256    0    0     0    85 2589 5177  0  0 99  0  0
 0  0      0 6100956 142260 7265240    0    0     0    15 2726 5319  0  0 99  0  0
 0  0      0 6100704 142260 7265240    0    0     0    33 2577 5205  1  0 99  0  0
 0  0      0 6100704 142260 7265240    0    0     0    16 2664 5299  0  0 99  0  0
 0  0      0 6100940 142260 7265300    0    0     0    14 2807 5565  1  0 99  0  0
 0  0      0 6100608 142260 7265376    0    0     0   566 3997 7138  1  1 96  2  0
 0  0      0 6100356 142260 7265308    0    0     0    14 2737 5499  1  0 99  0  0
 0  0      0 6100608 142260 7265308    0    0     0    70 2701 5442  1  0 99  0  0
 0  0      0 6100640 142260 7265300    0    0     0    58 2800 5468  1  0 99  0  0
 0  0      0 6100640 142260 7265308    0    0     0    72 2550 5113  0  0 99  0  0
 1  0      0 6100388 142260 7265340    0    0     0    42 2713 5331  1  0 99  0  0
 0  0      0 6100640 142260 7265332    0    0     0    66 2652 5277  1  0 99  0  0
 0  0      0 6100608 142260 7265312    0    0     0    45 2692 5313  0  0 99  0  0
 0  0      0 6100356 142260 7265316    0    0     0    16 2559 5386  0  0 99  0  0
 0  0      0 6100356 142260 7265332    0    0     0   100 2619 5237  1  0 99  0  0
 0  0      0 6100316 142260 7265360    0    0     0    44 2615 5229  1  0 99  0  0
 0  0      0 6100404 142260 7265360    0    0     0    14 2608 5245  0  0 99  0  0
procs -----------memory---------- ---swap-- -----io---- -system-- ------cpu-----
 r  b   swpd   free   buff  cache   si   so    bi    bo   in   cs us sy id wa st
 0  0      0 6099844 142260 7265516    0    0     0   520 3884 7122  1  1 96  2  0
 0  0      0 6101388 142260 7265504    0    0     0    17 2560 5238  0  0 99  0  0
 0  0      0 6100924 142260 7265552    0    0     0    67 2632 5306  0  0 99  0  0
 0  0      0 6100420 142260 7265516    0    0     0    15 2536 5217  0  0 99  0  0
 0  0      0 6100420 142260 7265512    0    0     0    86 2490 5110  0  0 99  0  0
 0  0      0 6100420 142260 7265520    0    0     0    16 2665 5489  1  0 99  0  0
 0  0      0 6100168 142260 7265524    0    0     0    17 2572 5138  0  0 99  0  0
 0  0      0 6100168 142260 7265528    0    0     0    17 2658 5251  1  0 99  0  0
 0  0      0 6100168 142260 7265532    0    0     0    17 2600 5282  1  0 99  0  0
 0  0      0 6099916 142260 7265532    0    0     0    33 2748 5387  1  0 99  0  0
 0  0      0 6099884 142260 7265540    0    0     0    30 2535 5128  0  0 99  0  0
 0  0      0 6099884 142260 7265616    0    0     0    45 2712 5348  1  0 99  0  0
 0  0      0 6098868 142260 7265560    0    0     0   538 4019 7249  1  1 96  2  0
 0  0      0 6099664 142260 7265564    0    0     0    17 2619 5365  0  0 99  0  0
 0  0      0 6099664 142260 7265552    0    0     0    15 2708 5546  0  0 99  0  0
 0  0      0 6099664 142260 7265548    0    0     0    14 2519 5229  1  0 99  0  0
 0  0      0 6099916 142260 7265548    0    0     0    17 2670 5374  0  0 99  0  0
 0  0      0 6099900 142260 7265604    0    0     0    14 2489 5207  0  0 99  0  0
 0  0      0 6099916 142260 7265568    0    0     0    77 2695 5331  0  0 99  0  0
 0  0      0 6099916 142260 7265572    0    0     0    23 2574 5248  0  0 99  0  0
 1  0      0 6099916 142260 7265572    0    0     0    22 2581 5173  0  0 99  0  0
procs -----------memory---------- ---swap-- -----io---- -system-- ------cpu-----
 r  b   swpd   free   buff  cache   si   so    bi    bo   in   cs us sy id wa st
 0  0      0 6099664 142260 7265580    0    0     0    36 2716 5349  1  0 99  0  0
 0  0      0 6099664 142260 7265576    0    0     0    16 2609 5241  1  0 99  0  0
 1  0      0 6100200 142260 7265584    0    0     0    16 2718 5463  0  0 99  0  0
 0  0      0 6098080 142260 7265612    0    0     0   594 3938 7109  1  1 95  2  0
 1  0      0 6100640 142260 7265632    0    0     0    18 2679 5264  1  0 99  0  0
 0  0      0 6100388 142260 7265612    0    0     0    17 2533 5127  0  0 99  0  0
 0  0      0 6100640 142260 7265612    0    0     0    16 2591 5254  1  0 99  0  0
 0  0      0 6100640 142260 7265616    0    0     0    16 2645 5241  0  0 99  0  0
 0  0      0 6100672 142260 7265640    0    0     0    15 2606 5234  0  0 99  0  0
 0  0      0 6100672 142260 7265624    0    0     0    81 2718 5424  1  0 99  0  0
 0  0      0 6100672 142260 7265632    0    0     0    22 2767 5460  0  0 99  0  0
 0  0      0 6100672 142260 7265636    0    0     0    18 2740 5594  0  0 99  0  0
 0  0      0 6100672 142260 7265648    0    0     0    36 2700 5371  0  0 99  0  0
 0  0      0 6100892 142260 7265648    0    0     0    17 2826 5522  1  0 99  0  0
 0  0      0 6100924 142260 7265664    0    0     0    14 2629 5280  0  0 99  0  0
 0  0      0 6098152 142260 7265668    0    0     0   547 4202 7461  1  1 96  2  0
 0  0      0 6099956 142260 7265656    0    0     0    15 2608 5251  1  0 99  0  0
 0  0      0 6100460 142260 7265660    0    0     0    15 2815 5541  0  0 99  0  0
 0  0      0 6100240 142260 7265652    0    0     0    15 2747 5632  0  0 99  0  0
 0  0      0 6100240 142260 7265664    0    0     0    81 2686 5336  1  0 99  0  0
 0  0      0 6100184 142260 7265672    0    0     0    18 2955 5762  1  0 99  0  0
procs -----------memory---------- ---swap-- -----io---- -system-- ------cpu-----
 r  b   swpd   free   buff  cache   si   so    bi    bo   in   cs us sy id wa st
 0  0      0 6100184 142260 7265668    0    0     0    39 2742 5437  0  0 99  0  0
 0  0      0 6100468 142260 7265684    0    0     0    15 2661 5326  0  0 99  0  0
 0  0      0 6100468 142260 7265684    0    0     0    18 2673 5241  1  0 99  0  0
 0  0      0 6100280 142260 7265688    0    0     0    34 2710 5361  1  0 99  0  0
 0  0      0 6100500 142260 7265688    0    0     0    31 2735 5492  1  0 99  0  0
 0  0      0 6099996 142260 7265696    0    0     0    30 3001 5835  1  0 99  0  0
 0  0      0 6098744 142260 7265788    0    0     0   532 4206 7439  1  1 96  1  0
 0  0      0 6100044 142260 7265832    0    0     0    16 2896 5517  1  0 99  0  0
 0  0      0 6100012 142260 7265744    0    0     0    16 2700 5385  1  0 99  0  0
 0  0      0 6100264 142260 7265748    0    0     0    14 2682 5261  1  0 99  0  0
 0  0      0 6100264 142260 7265756    0    0     0    16 2641 5241  0  0 99  0  0
 0  0      0 6100264 142260 7265760    0    0     0    74 2662 5243  0  0 99  0  0
 0  0      0 6100516 142260 7265772    0    0     0    92 2772 5497  0  0 99  0  0
 0  0      0 6100516 142260 7265776    0    0     0    20 2593 5223  0  0 99  0  0
 0  0      0 6100516 142260 7265772    0    0     0    71 2590 5191  0  0 99  0  0
 0  0      0 6100020 142260 7265776    0    0     0    43 2516 5089  0  0 99  0  0
 1  0      0 6099988 142260 7265780    0    0     0    17 2569 5171  0  0 99  0  0
 0  0      0 6100052 142260 7265792    0    0     0    14 2653 5284  0  0 99  0  0
 0  0      0 6097648 142260 7265952    0    0     0   518 3982 7100  1  1 96  2  0
 0  0      0 6098688 142260 7265996    0    0     0    23 2676 5266  0  0 99  0  0
 1  0      0 6099004 142260 7265992    0    0     0    15 2620 5198  0  0 99  0  0
procs -----------memory---------- ---swap-- -----io---- -system-- ------cpu-----
 r  b   swpd   free   buff  cache   si   so    bi    bo   in   cs us sy id wa st
 0  0      0 6099256 142260 7265972    0    0     0    15 2595 5184  0  0 99  0  0
 0  0      0 6099004 142260 7265960    0    0     0    15 2573 5190  1  0 99  0  0
 0  0      0 6099004 142260 7266016    0    0     0    14 2633 5232  0  0 99  0  0
 0  0      0 6099256 142260 7265980    0    0     0    15 2589 5172  0  0 99  0  0
 0  0      0 6099256 142260 7265980    0    0     0    79 2546 5147  1  0 99  0  0
 0  0      0 6099476 142260 7265988    0    0     0    18 2586 5296  0  0 99  0  0
 0  0      0 6099476 142260 7265988    0    0     0    42 2764 5508  1  0 99  0  0
 0  0      0 6099224 142260 7265996    0    0     0    16 2754 5390  0  0 99  0  0
 0  0      0 6098980 142260 7265992    0    0     0    17 2446 5043  0  0 99  0  0
 0  0      0 6097964 142260 7266076    0    0     0   580 3956 7151  1  1 95  2  0
 0  0      0 6099744 142260 7266044    0    0     0    22 2659 5315  0  0 99  0  0
 0  0      0 6100060 142260 7266040    0    0     0    19 2662 5305  1  0 98  0  0
 0  0      0 6100060 142260 7266040    0    0     0    16 2557 5210  1  0 99  0  0
 0  0      0 6099556 142260 7266032    0    0     0    82 2615 5193  1  0 99  0  0
 0  0      0 6099556 142260 7266044    0    0     0    90 2689 5294  0  0 99  0  0
 0  0      0 6099532 142260 7266044    0    0     0    15 2634 5258  0  0 99  0  0
 0  0      0 6099500 142260 7266056    0    0     0    78 2689 5342  1  1 98  0  0
 0  0      0 6099508 142260 7266060    0    0     0    50 2671 5281  0  0 99  0  0
 0  0      0 6099516 142260 7266072    0    0     0    89 2746 5355  0  0 99  0  0
 0  0      0 6099516 142260 7266076    0    0     0    17 2601 5240  0  0 99  0  0
 0  0      0 6099516 142260 7266072    0    0     0    15 2519 5175  1  0 99  0  0
procs -----------memory---------- ---swap-- -----io---- -system-- ------cpu-----
 r  b   swpd   free   buff  cache   si   so    bi    bo   in   cs us sy id wa st
 1  2      0 6097240 142260 7266116    0    0     0   293 3904 7159  1  1 97  1  0
 0  0      0 6098696 142260 7266132    0    0     0   279 2797 5415  1  0 98  1  0
 0  0      0 6098696 142260 7266132    0    0     0    14 2563 5258  0  0 99  0  0
 0  0      0 6098696 142260 7266140    0    0     0    70 2541 5231  0  0 99  0  0
 0  0      0 6098696 142260 7266144    0    0     0    17 2559 5255  0  0 99  0  0
 0  0      0 6098444 142260 7266180    0    0     0    86 2561 5177  0  0 99  0  0
 1  0      0 6098728 142260 7266152    0    0     0    44 2538 5135  0  0 99  0  0
 0  0      0 6098980 142260 7266156    0    0     0    72 2528 5173  0  0 99  0  0
 0  0      0 6098988 142260 7266164    0    0     0    15 2603 5198  0  0 99  0  0
 0  0      0 6098988 142260 7266204    0    0     0    91 2723 5289  0  0 99  0  0
 0  0      0 6098988 142260 7266184    0    0     0    16 2611 5233  1  0 99  0  0
 0  0      0 6099256 142260 7266196    0    0     0    16 2565 5128  0  0 99  0  0
 0  0      0 6077204 142260 7266208    0    0     0   126 3125 5960  1  1 98  0  0
 0  0      0 6098844 142260 7266264    0    0     0   447 3512 6428  1  1 97  2  0
 0  0      0 6099348 142260 7266272    0    0     0    15 2737 5364  1  0 99  0  0
 0  0      0 6099096 142260 7266292    0    0     0    66 2691 5293  0  0 99  0  0
 0  0      0 6099096 142260 7266264    0    0     0    56 2636 5289  0  0 99  0  0
 0  0      0 6098496 142260 7266380    0    0     0    76 2667 5365  1  0 99  0  0
 0  0      0 6098512 142260 7266320    0    0     0    17 2624 5223  1  0 99  0  0
 0  0      0 6098512 142260 7266296    0    0     0    80 2704 5426  1  0 99  0  0
 0  0      0 6098512 142260 7266296    0    0     0    42 2813 5432  0  0 99  0  0
procs -----------memory---------- ---swap-- -----io---- -system-- ------cpu-----
 r  b   swpd   free   buff  cache   si   so    bi    bo   in   cs us sy id wa st
 0  0      0 6098764 142260 7266276    0    0     0    37 2574 5149  1  0 99  0  0
 0  0      0 6098228 142260 7266280    0    0     0    17 2609 5210  0  0 99  0  0
 0  0      0 6098480 142260 7266288    0    0     0    14 2591 5192  0  0 99  0  0
 0  0      0 6098496 142260 7266272    0    0     0    15 2655 5268  0  0 99  0  0
 0  0      0 6098136 142260 7266292    0    0     0   543 3837 7001  1  1 96  2  0
 0  0      0 6098104 142260 7266312    0    0     0    15 2633 5270  0  0 99  0  0
 3  0      0 6098104 142260 7266316    0    0     0    74 2728 5317  0  0 99  0  0
 0  0      0 6098104 142260 7266316    0    0     0    55 2610 5192  0  0 99  0  0
 0  0      0 6098104 142260 7266320    0    0     0    17 2623 5201  0  0 99  0  0
 0  0      0 6098356 142260 7266328    0    0     0    70 2526 5121  0  0 99  0  0
 0  0      0 6098356 142260 7266344    0    0     0    74 2622 5241  0  0 99  0  0
 0  0      0 6098356 142260 7266332    0    0     0    15 2705 5343  0  0 99  0  0
 0  0      0 6098388 142260 7266336    0    0     0    93 2696 5282  1  0 99  0  0
 1  0      0 6098640 142260 7266344    0    0     0    16 2621 5249  1  0 99  0  0
 0  0      0 6098704 142260 7266344    0    0     0    15 2576 5206  1  0 99  0  0
 0  0      0 6098736 142260 7266340    0    0     0    15 2661 5280  0  0 99  0  0
 0  0      0 6098168 142260 7266492    0    0     0   544 3925 7090  1  1 96  2  0
 0  0      0 6097884 142260 7266512    0    0     0    14 2537 5142  0  0 99  0  0
 0  0      0 6097868 142260 7266528    0    0     0    82 2610 5212  1  0 99  0  0
 0  0      0 6098120 142260 7266528    0    0     0    54 2687 5320  1  0 99  0  0
 0  0      0 6098120 142260 7266528    0    0     0    72 2673 5362  0  0 99  0  0
procs -----------memory---------- ---swap-- -----io---- -system-- ------cpu-----
 r  b   swpd   free   buff  cache   si   so    bi    bo   in   cs us sy id wa st
 0  0      0 6097868 142260 7266536    0    0     0    14 2660 5375  0  0 99  0  0
 0  0      0 6097884 142260 7266516    0    0     0    72 2592 5184  1  0 99  0  0
 0  0      0 6097884 142260 7266524    0    0     0    15 2496 5120  0  0 99  0  0
 0  0      0 6097884 142260 7266524    0    0     0    36 2557 5160  0  0 99  0  0
 0  0      0 6097884 142260 7266536    0    0     0    15 2608 5253  1  0 99  0  0
 0  0      0 6098168 142260 7266536    0    0     0    14 2635 5224  0  0 99  0  0
 0  0      0 6098136 142260 7266536    0    0     0    14 2552 5162  0  0 99  0  0
 0  0      0 6096740 142260 7266624    0    0     0   543 4039 7194  1  1 96  2  0
 0  0      0 6097772 142260 7266604    0    0     0    15 2532 5112  0  0 99  0  0
 0  0      0 6097804 142260 7266652    0    0     0    66 2565 5176  0  0 99  0  0
 0  0      0 6097772 142260 7266644    0    0     0    14 2547 5158  0  0 99  0  0
 0  0      0 6097772 142260 7266612    0    0     0    87 2566 5192  0  0 99  0  0
 0  0      0 6097724 142260 7266632    0    0     0    47 2639 5216  0  0 99  0  0
 0  0      0 6097740 142260 7266620    0    0     0    74 2548 5140  1  0 99  0  0
 0  0      0 6097496 142260 7266624    0    0     0    14 2617 5248  0  0 99  0  0
 0  0      0 6097496 142260 7266588    0    0     0    95 2679 5228  0  0 99  0  0
 0  0      0 6097528 142260 7266588    0    0     0    15 2536 5212  0  0 99  0  0
 0  0      0 6097560 142260 7266596    0    0     0    15 2636 5347  1  0 99  0  0
 0  0      0 6097308 142260 7266604    0    0     0    28 2706 5286  1  0 99  0  0
 0  0      0 6097104 142260 7266592    0    0     0   498 3983 7241  1  1 96  2  0
 0  0      0 6098208 142260 7266592    0    0     0    15 2650 5257  0  0 99  0  0
procs -----------memory---------- ---swap-- -----io---- -system-- ------cpu-----
 r  b   swpd   free   buff  cache   si   so    bi    bo   in   cs us sy id wa st
 2  0      0 6098176 142260 7266600    0    0     0   110 2350 4901  0  0 99  0  0
 0  0      0 6097924 142260 7266600    0    0     0    34 2461 5048  1  0 99  0  0
 0  0      0 6097892 142260 7266600    0    0     0    86 2361 4975  0  0 99  0  0
 0  0      0 6098144 142260 7266604    0    0     0    14 2629 5253  0  0 99  0  0
 0  0      0 6098144 142260 7266612    0    0     0    74 2675 5318  0  0 99  0  0
 0  0      0 6098176 142260 7266620    0    0     0    15 2649 5260  0  0 99  0  0
 0  0      0 6098176 142260 7266620    0    0     0    34 2762 5387  0  0 99  0  0
 0  0      0 6098144 142260 7266620    0    0     0    16 2603 5208  1  0 99  0  0
 0  0      0 6098616 142260 7266620    0    0     0    15 2482 5104  0  0 99  0  0
 0  0      0 6098616 142260 7266704    0    0     0    14 2618 5231  0  0 99  0  0
 3  0      0 6096456 142260 7266668    0    0     0   588 4055 7215  1  1 96  2  0
 0  0      0 6098764 142260 7266664    0    0     0    16 2593 5198  0  0 99  0  0
 0  0      0 6098764 142260 7266668    0    0     0    66 2568 5184  0  0 99  0  0
 0  0      0 6098512 142260 7266676    0    0     0    57 2598 5195  0  0 99  0  0
 0  0      0 6098448 142260 7266684    0    0     0    74 2755 5577  1  0 99  0  0
 0  0      0 6098180 142260 7266696    0    0     0    17 2623 5264  0  0 99  0  0
 0  0      0 6098164 142260 7266700    0    0     0    76 2554 5164  0  0 99  0  0
 0  0      0 6098164 142260 7266700    0    0     0    15 2519 5143  1  0 99  0  0
 0  0      0 6098700 142260 7266696    0    0     0    98 2643 5259  0  0 99  0  0
 0  0      0 6098668 142260 7266700    0    0     0    46 2677 5331  0  0 99  0  0
 0  0      0 6098668 142260 7266700    0    0     0    46 2973 5866  1  0 99  0  0
procs -----------memory---------- ---swap-- -----io---- -system-- ------cpu-----
 r  b   swpd   free   buff  cache   si   so    bi    bo   in   cs us sy id wa st
 1  0      0 6098668 142260 7266708    0    0     0    18 2637 5264  1  0 99  0  0
 1  0      0 6096392 142260 7266724    0    0     0   527 4040 7259  1  1 96  2  0
 0  0      0 6097976 142260 7266776    0    0     0    15 2620 5323  0  0 99  0  0
 1  0      0 6097976 142260 7266728    0    0     0    16 2574 5233  1  0 99  0  0
 0  0      0 6097724 142260 7266744    0    0     0    76 2702 5316  1  0 99  0  0
 0  0      0 6097976 142260 7266752    0    0     0    18 2624 5244  1  0 99  0  0
 2  0      0 6097976 142260 7266748    0    0     0    90 2642 5231  0  0 99  0  0
 0  0      0 6097976 142260 7266752    0    0     0    77 2502 5218  1  0 99  0  0
 0  0      0 6097976 142260 7266756    0    0     0    16 2629 5423  0  0 99  0  0
 0  0      0 6097976 142260 7266752    0    0     0    93 2569 5166  1  0 98  0  0
 0  0      0 6097944 142260 7266764    0    0     0    18 2504 5128  0  0 99  0  0
 0  0      0 6098292 142260 7266776    0    0     0    50 2546 5158  0  0 99  0  0
 0  0      0 6098292 142260 7266776    0    0     0    26 2609 5316  0  0 99  0  0
 0  0      0 6096488 142260 7266884    0    0     0   525 4060 7262  1  1 96  2  0
 0  0      0 6097428 142260 7266932    0    0     0    14 2613 5215  0  0 99  0  0
 0  0      0 6097428 142260 7266844    0    0     0    18 2626 5234  0  0 99  0  0
 0  0      0 6097648 142260 7266848    0    0     0    14 2462 5045  0  0 99  0  0
 0  0      0 6097656 142260 7266952    0    0     0    82 2532 5151  1  0 99  0  0
 0  0      0 6097640 142260 7266884    0    0     0    16 2498 5093  1  0 99  0  0
 0  0      0 6097656 142260 7266876    0    0     0    44 2699 5321  1  0 99  0  0
 0  0      0 6097720 142260 7266872    0    0     0    77 2485 5065  0  0 97  2  0
procs -----------memory---------- ---swap-- -----io---- -system-- ------cpu-----
 r  b   swpd   free   buff  cache   si   so    bi    bo   in   cs us sy id wa st
 0  0      0 6097720 142260 7266868    0    0     0    53 2605 5196  1  0 99  0  0
 0  0      0 6097688 142260 7266876    0    0     0    18 2625 5246  0  0 99  0  0
 0  0      0 6097704 142260 7266876    0    0     0    14 2563 5153  0  0 99  0  0
 0  0      0 6097672 142260 7266876    0    0     0    14 2657 5233  0  0 99  0  0
 0  0      0 6095356 142260 7266956    0    0     0   550 3984 7142  1  1 95  3  0
 0  0      0 6097404 142260 7266916    0    0     0    16 2623 5265  0  0 99  0  0
 0  0      0 6097656 142260 7266920    0    0     0    15 2660 5269  1  0 99  0  0
 0  0      0 6097656 142260 7266916    0    0     0    64 2541 5140  0  0 99  0  0
 0  0      0 6097664 142260 7266928    0    0     0    94 2635 5244  0  0 99  0  0
 0  0      0 6097664 142260 7266980    0    0     0    46 2565 5142  0  0 99  0  0
 0  0      0 6097916 142260 7266988    0    0     0    22 2549 5187  0  0 99  0  0
 0  0      0 6097924 142260 7267000    0    0     0    66 2545 5141  1  0 99  0  0
 0  0      0 6097924 142260 7266956    0    0     0    87 2684 5286  0  0 99  0  0
 0  0      0 6098176 142260 7266956    0    0     0    24 2620 5212  0  0 99  0  0
 0  0      0 6097948 142260 7266968    0    0     0    14 2637 5255  0  0 99  0  0
 0  0      0 6097940 142260 7267024    0    0     0    45 2612 5190  1  0 99  0  0
 1  0      0 6096332 142260 7267044    0    0     0   482 4059 7349  1  1 95  2  0
 0  0      0 6097104 142260 7267004    0    0     0    21 2612 5333  0  0 99  0  0
 0  0      0 6097136 142260 7267008    0    0     0    17 2772 5449  1  0 99  0  0
 0  0      0 6097136 142260 7266992    0    0     0   108 2731 5480  0  0 99  0  0
 1  0      0 6097200 142260 7267004    0    0     0    89 2860 5510  1  0 99  0  0
procs -----------memory---------- ---swap-- -----io---- -system-- ------cpu-----
 r  b   swpd   free   buff  cache   si   so    bi    bo   in   cs us sy id wa st
 3  0      0 6097200 142260 7267032    0    0     0    26 2635 5341  0  0 99  0  0
 2  0      0 6097200 142260 7267004    0    0     0    16 2671 5402  1  0 99  0  0
 1  0      0 6097200 142260 7267008    0    0     0    14 2685 5416  0  0 99  0  0
 1  0      0 6097452 142260 7267008    0    0     0    32 2483 5121  1  0 99  0  0
 2  0      0 6097420 142260 7267048    0    0     0    17 2585 5204  0  0 99  0  0
 1  0      0 6097436 142260 7267056    0    0     0    15 2722 5340  0  0 99  0  0
 1  0      0 6097184 142260 7267028    0    0     0    37 2610 5243  0  0 99  0  0
 1  0      0 6095148 142260 7267028    0    0     0   550 4044 7261  1  1 96  2  0
 1  0      0 6096996 142260 7267048    0    0     0    21 2613 5231  0  0 99  0  0
 1  0      0 6097256 142260 7267056    0    0     0    17 2673 5263  0  0 99  0  0
 1  0      0 6097256 142260 7267064    0    0     0    16 2763 5455  0  0 99  0  0
 1  0      0 6096964 142260 7267068    0    0     0    19 2743 5479  1  0 99  0  0
 1  0      0 6096956 142260 7267092    0    0     0    18 2590 5215  0  0 99  0  0
 1  0      0 6096956 142260 7267100    0    0     0    15 2591 5179  1  0 99  0  0
 1  0      0 6096964 142260 7267100    0    0     0    81 2673 5364  0  0 99  0  0
 1  0      0 6097264 142260 7267076    0    0     0    38 2613 5219  0  0 99  0  0
 1  0      0 6097232 142260 7267084    0    0     0    95 2655 5263  1  0 99  0  0
 2  0      0 6097232 142260 7267088    0    0     0    14 2525 5156  0  0 99  0  0
 0  0      0 6096980 142260 7267092    0    0     0    14 2695 5333  0  0 99  0  0
 1  6      0 6095796 142260 7267124    0    0     0   463 4045 7314  1  1 96  1  0
 0  0      0 6097364 142260 7267120    0    0     0    95 2750 5346  0  0 98  1  0
procs -----------memory---------- ---swap-- -----io---- -system-- ------cpu-----
 r  b   swpd   free   buff  cache   si   so    bi    bo   in   cs us sy id wa st
 0  0      0 6097112 142260 7267120    0    0     0    14 2663 5289  0  0 99  0  0
 0  0      0 6096860 142260 7267120    0    0     0    67 2664 5254  0  0 99  0  0
 0  0      0 6097112 142260 7267132    0    0     0    14 2636 5236  0  0 99  0  0
 0  0      0 6097096 142260 7267148    0    0     0    15 2666 5271  0  0 99  0  0
 0  0      0 6097112 142260 7267140    0    0     0    14 2572 5193  0  0 99  0  0
 0  0      0 6097080 142260 7267144    0    0     0    34 2571 5161  0  0 99  0  0
 0  0      0 6097112 142260 7267140    0    0     0    35 2620 5283  0  0 99  0  0
 0  0      0 6097048 142260 7267140    0    0     0    45 2615 5229  1  0 99  0  0
 0  0      0 6097112 142260 7267144    0    0     0    22 2653 5253  0  0 99  0  0
 0  0      0 6096608 142260 7267152    0    0     0    49 2526 5087  1  0 99  0  0
 2  0      0 6094884 142260 7267172    0    0     0   136 3605 6706  1  1 98  0  0
 0  0      0 6096284 142260 7268000    0    0     0   440 2893 5463  0  1 97  2  0
 0  0      0 6096284 142260 7267992    0    0     0    17 2537 5115  1  0 99  0  0
 0  0      0 6096536 142260 7267992    0    0     0    17 2663 5224  0  0 99  0  0
 0  0      0 6096544 142260 7268008    0    0     0    14 2524 5145  0  0 99  0  0
 0  0      0 6096276 142260 7268032    0    0     0    15 2582 5163  0  0 99  0  0
 0  0      0 6096544 142260 7268012    0    0     0    15 2520 5134  0  0 99  0  0
 0  0      0 6096544 142260 7268016    0    0     0    75 2545 5144  0  0 99  0  0
 0  0      0 6096316 142260 7268016    0    0     0    43 2673 5246  0  0 99  0  0
 0  0      0 6095820 142260 7268148    0    0     0   126 2723 5266  1  0 99  0  0
 0  0      0 6097868 142260 7268160    0    0     0    15 2615 5289  1  0 99  0  0
procs -----------memory---------- ---swap-- -----io---- -system-- ------cpu-----
 r  b   swpd   free   buff  cache   si   so    bi    bo   in   cs us sy id wa st
 2  0      0 6097128 142260 7268168    0    0     0    15 2559 5162  1  0 99  0  0
 0  1      0 6096544 142260 7268180    0    0     0    28 2717 5320  1  0 99  0  0
 0  0      0 6097388 142260 7268196    0    0     0   511 3960 7147  1  1 96  2  0
 0  0      0 6098144 142260 7268188    0    0     0    14 2715 5288  0  0 99  0  0
 0  0      0 6098144 142260 7268196    0    0     0    68 2567 5139  1  0 99  0  0
 0  0      0 6098144 142260 7268200    0    0     0    17 2634 5252  1  0 99  0  0
 0  0      0 6097892 142260 7268252    0    0     0    90 2810 5431  0  0 99  0  0
 0  0      0 6097924 142260 7268204    0    0     0    16 2756 5379  1  0 99  0  0
 0  0      0 6098176 142260 7268208    0    0     0    15 2704 5286  0  1 99  0  0
 0  0      0 6097916 142260 7268252    0    0     0    32 2600 5185  1  0 99  0  0
 0  0      0 6097892 142260 7268224    0    0     0    17 2719 5335  0  0 99  0  0
 0  0      0 6097924 142260 7268228    0    0     0    15 2729 5392  0  0 99  0  0
 0  0      0 6097924 142260 7268232    0    0     0    34 2535 5159  0  0 99  0  0
 0  0      0 6097388 142260 7268232    0    0     0    83 2654 5255  0  0 99  0  0
 0  0      0 6097420 142260 7268352    0    0     0   559 4109 7167  1  1 96  2  0
 0  0      0 6098436 142260 7268272    0    0     0    14 2631 5349  0  0 99  0  0
 0  0      0 6098688 142260 7268260    0    0     0    16 2571 5181  0  0 99  0  0
 0  0      0 6098688 142260 7268260    0    0     0    14 2602 5351  0  0 99  0  0
 0  0      0 6098624 142260 7268368    0    0     0    15 2727 5414  0  0 99  0  0
 0  0      0 6098168 142260 7268284    0    0     0    16 2645 5374  0  0 99  0  0
 0  0      0 6098200 142260 7268268    0    0     0    78 2621 5318  0  0 99  0  0
procs -----------memory---------- ---swap-- -----io---- -system-- ------cpu-----
 r  b   swpd   free   buff  cache   si   so    bi    bo   in   cs us sy id wa st
 0  0      0 6097996 142260 7268244    0    0     0    41 2571 5215  1  0 99  0  0
 0  0      0 6097996 142260 7268248    0    0     0    98 2566 5240  0  0 99  0  0
 0  0      0 6098028 142260 7268252    0    0     0    14 2605 5278  1  0 99  0  0
 0  0      0 6098028 142260 7268256    0    0     0    14 2703 5394  1  0 99  0  0
 0  0      0 6098028 142260 7268268    0    0     0    15 2540 5172  0  0 99  0  0
 0  0      0 6096760 142260 7268308    0    0     0   538 3968 7117  1  1 95  2  0
 0  0      0 6098588 142260 7268304    0    0     0    14 2642 5295  0  0 99  0  0
 0  0      0 6098564 142260 7268300    0    0     0    67 2750 5349  1  0 99  0  0
 0  0      0 6098500 142260 7268296    0    0     0    15 2750 5441  0  0 99  0  0
 1  0      0 6098484 142260 7268328    0    0     0    90 2607 5236  0  0 99  0  0
 0  0      0 6098484 142260 7268324    0    0     0    16 2547 5206  0  0 99  0  0
 0  0      0 6098500 142260 7268316    0    0     0    78 2651 5264  0  0 99  0  0
 1  0      0 6098500 142260 7268316    0    0     0    33 2558 5193  0  0 99  0  0
 0  0      0 6095980 142260 7268316    0    0     0    73 2648 5260  0  0 99  0  0
 0  0      0 6095980 142260 7268320    0    0     0    14 2799 5643  1  0 99  0  0
 0  0      0 6095980 142260 7268328    0    0     0    14 2670 5303  0  0 99  0  0
 0  0      0 6096232 142260 7268336    0    0     0    17 2813 5447  0  0 99  0  0
 0  0      0 6094968 142260 7268376    0    0     0   558 3944 7052  1  1 96  2  0
 0  0      0 6095252 142260 7268360    0    0     0    15 2492 5115  0  0 99  0  0
 0  0      0 6094732 142260 7268376    0    0     0    73 2637 5238  1  0 99  0  0
 0  0      0 6094748 142260 7268360    0    0     0    16 2668 5275  0  0 99  0  0
procs -----------memory---------- ---swap-- -----io---- -system-- ------cpu-----
 r  b   swpd   free   buff  cache   si   so    bi    bo   in   cs us sy id wa st
 0  0      0 6094748 142260 7268408    0    0     0    18 2648 5278  0  0 99  0  0
 0  0      0 6095528 142260 7268364    0    0     0    15 2539 5154  1  0 99  0  0
 0  0      0 6095528 142260 7268364    0    0     0    34 2608 5204  0  0 99  0  0
 0  0      0 6095528 142260 7268364    0    0     0    31 2586 5194  1  0 99  0  0
 0  0      0 6095260 142260 7268368    0    0     0    43 2623 5206  0  0 99  0  0
 0  0      0 6095812 142260 7268384    0    0     0    19 2580 5209  1  0 99  0  0
 0  0      0 6095844 142260 7268380    0    0     0    50 2561 5113  1  0 99  0  0
 0  0      0 6095844 142260 7268384    0    0     0    15 2687 5279  0  0 99  0  0
 0  0      0 6095152 142260 7268436    0    0     0   531 3949 7131  1  1 96  2  0
 0  0      0 6096412 142260 7268444    0    0     0    14 2612 5238  1  0 99  0  0
 0  0      0 6096380 142260 7268420    0    0     0    15 2515 5125  0  0 99  0  0
 1  0      0 6096412 142260 7268416    0    0     0    69 2612 5256  1  0 99  0  0
0

